1.001 , 0.1187994448 , 0.8812005552
1.002 , 0.1637484912 , 0.8362515088
1.003 , 0.1966619149 , 0.8033380851
1.004 , 0.2233875737 , 0.7766124263
1.005 , 0.246184427 , 0.753815573
1.006 , 0.2662079951 , 0.7337920049
1.007 , 0.2841429581 , 0.7158570419
1.008 , 0.3004342949 , 0.6995657051
1.009 , 0.3153903124 , 0.6846096876
1.01 , 0.3292349253 , 0.6707650747
1.011 , 0.3421367495 , 0.6578632505
1.012 , 0.3542264566 , 0.6457735434
1.013 , 0.3656077052 , 0.6343922948
1.014 , 0.3763643327 , 0.6236356673
1.015 , 0.3865652624 , 0.6134347376
1.016 , 0.3962679529 , 0.6037320471
1.017 , 0.4055208873 , 0.5944791127
1.018 , 0.4143654088 , 0.5856345912
1.019 , 0.4228371012 , 0.5771628988
1.02 , 0.4309668453 , 0.5690331547
1.021 , 0.4387816384 , 0.5612183616
1.022 , 0.4463052404 , 0.5536947596
1.023 , 0.4535586869 , 0.5464413131
1.024 , 0.4605607041 , 0.5394392959
1.025 , 0.4673280449 , 0.5326719551
1.026 , 0.4738757656 , 0.5261242344
1.027 , 0.4802174543 , 0.5197825457
1.028 , 0.4863654216 , 0.5136345784
1.029 , 0.4923308608 , 0.5076691392
1.03 , 0.4981239832 , 0.5018760168
1.031 , 0.503754133 , 0.496245867
1.032 , 0.5092298854 , 0.4907701146
1.033 , 0.5145591318 , 0.4854408682
1.034 , 0.519749152 , 0.480250848
1.035 , 0.5248066781 , 0.4751933219
1.036 , 0.5297379494 , 0.4702620506
1.037 , 0.5345487607 , 0.4654512393
1.038 , 0.5392445049 , 0.4607554951
1.039 , 0.5438302098 , 0.4561697902
1.04 , 0.5483105719 , 0.4516894281
1.041 , 0.5526899853 , 0.4473100147
1.042 , 0.5569725675 , 0.4430274325
1.043 , 0.5611621832 , 0.4388378168
1.044 , 0.5652624651 , 0.4347375349
1.045 , 0.5692768321 , 0.4307231679
1.046 , 0.5732085066 , 0.4267914934
1.047 , 0.5770605294 , 0.4229394706
1.048 , 0.5808357736 , 0.4191642264
1.049 , 0.5845369569 , 0.4154630431
1.05 , 0.5881666529 , 0.4118333471
1.051 , 0.5917273011 , 0.4082726989
1.052 , 0.5952212168 , 0.4047787832
1.053 , 0.5986505989 , 0.4013494011
1.054 , 0.6020175384 , 0.3979824616
1.055 , 0.605324025 , 0.394675975
1.056 , 0.6085719538 , 0.3914280462
1.057 , 0.6117631317 , 0.3882368683
1.058 , 0.6148992822 , 0.3851007178
1.059 , 0.6179820511 , 0.3820179489
1.06 , 0.6210130111 , 0.3789869889
1.061 , 0.6239936659 , 0.3760063341
1.062 , 0.6269254547 , 0.3730745453
1.063 , 0.6298097553 , 0.3701902447
1.064 , 0.6326478882 , 0.3673521118
1.065 , 0.6354411194 , 0.3645588806
1.066 , 0.6381906635 , 0.3618093365
1.067 , 0.6408976865 , 0.3591023135
1.068 , 0.6435633087 , 0.3564366913
1.069 , 0.6461886065 , 0.3538113935
1.07 , 0.6487746151 , 0.3512253849
1.071 , 0.6513223307 , 0.3486776693
1.072 , 0.653832712 , 0.346167288
1.073 , 0.6563066826 , 0.3436933174
1.074 , 0.6587451325 , 0.3412548675
1.075 , 0.6611489195 , 0.3388510805
1.076 , 0.6635188713 , 0.3364811287
1.077 , 0.6658557862 , 0.3341442138
1.078 , 0.6681604353 , 0.3318395647
1.079 , 0.670433563 , 0.329566437
1.08 , 0.6726758888 , 0.3273241112
1.081 , 0.6748881079 , 0.3251118921
1.082 , 0.6770708927 , 0.3229291073
1.083 , 0.6792248938 , 0.3207751062
1.084 , 0.6813507405 , 0.3186492595
1.085 , 0.6834490422 , 0.3165509578
1.086 , 0.6855203891 , 0.3144796109
1.087 , 0.6875653528 , 0.3124346472
1.088 , 0.6895844875 , 0.3104155125
1.089 , 0.6915783301 , 0.3084216699
1.09 , 0.6935474017 , 0.3064525983
1.091 , 0.6954922074 , 0.3045077926
1.092 , 0.6974132376 , 0.3025867624
1.093 , 0.6993109682 , 0.3006890318
1.094 , 0.7011858614 , 0.2988141386
1.095 , 0.7030383659 , 0.2969616341
1.096 , 0.7048689177 , 0.2951310823
1.097 , 0.7066779408 , 0.2933220592
1.098 , 0.7084658469 , 0.2915341531
1.099 , 0.7102330366 , 0.2897669634
1.1 , 0.7119798994 , 0.2880201006
1.101 , 0.7137068143 , 0.2862931857
1.102 , 0.71541415 , 0.28458585
1.103 , 0.7171022656 , 0.2828977344
1.104 , 0.7187715104 , 0.2812284896
1.105 , 0.7204222248 , 0.2795777752
1.106 , 0.7220547401 , 0.2779452599
1.107 , 0.7236693795 , 0.2763306205
1.108 , 0.7252664574 , 0.2747335426
1.109 , 0.7268462807 , 0.2731537193
1.11 , 0.7284091485 , 0.2715908515
1.111 , 0.7299553522 , 0.2700446478
1.112 , 0.7314851763 , 0.2685148237
1.113 , 0.7329988983 , 0.2670011017
1.114 , 0.7344967889 , 0.2655032111
1.115 , 0.7359791121 , 0.2640208879
1.116 , 0.7374461261 , 0.2625538739
1.117 , 0.7388980824 , 0.2611019176
1.118 , 0.740335227 , 0.259664773
1.119 , 0.7417577999 , 0.2582422001
1.12 , 0.7431660358 , 0.2568339642
1.121 , 0.7445601637 , 0.2554398363
1.122 , 0.7459404077 , 0.2540595923
1.123 , 0.7473069865 , 0.2526930135
1.124 , 0.7486601142 , 0.2513398858
1.125 , 0.75 , 0.25
1.126 , 0.7513268483 , 0.2486731517
1.127 , 0.7526408593 , 0.2473591407
1.128 , 0.7539422286 , 0.2460577714
1.129 , 0.7552311478 , 0.2447688522
1.13 , 0.756507804 , 0.243492196
1.131 , 0.7577723807 , 0.2422276193
1.132 , 0.7590250572 , 0.2409749428
1.133 , 0.7602660094 , 0.2397339906
1.134 , 0.761495409 , 0.238504591
1.135 , 0.7627134246 , 0.2372865754
1.136 , 0.7639202211 , 0.2360797789
1.137 , 0.76511596 , 0.23488404
1.138 , 0.7663007996 , 0.2336992004
1.139 , 0.767474895 , 0.232525105
1.14 , 0.768638398 , 0.231361602
1.141 , 0.7697914576 , 0.2302085424
1.142 , 0.7709342197 , 0.2290657803
1.143 , 0.7720668274 , 0.2279331726
1.144 , 0.773189421 , 0.226810579
1.145 , 0.7743021379 , 0.2256978621
1.146 , 0.7754051131 , 0.2245948869
1.147 , 0.7764984789 , 0.2235015211
1.148 , 0.7775823648 , 0.2224176352
1.149 , 0.7786568984 , 0.2213431016
1.15 , 0.7797222044 , 0.2202777956
1.151 , 0.7807784053 , 0.2192215947
1.152 , 0.7818256214 , 0.2181743786
1.153 , 0.7828639707 , 0.2171360293
1.154 , 0.7838935691 , 0.2161064309
1.155 , 0.7849145302 , 0.2150854698
1.156 , 0.7859269657 , 0.2140730343
1.157 , 0.7869309852 , 0.2130690148
1.158 , 0.7879266964 , 0.2120733036
1.159 , 0.7889142049 , 0.2110857951
1.16 , 0.7898936145 , 0.2101063855
1.161 , 0.7908650274 , 0.2091349726
1.162 , 0.7918285435 , 0.2081714565
1.163 , 0.7927842615 , 0.2072157385
1.164 , 0.793732278 , 0.206267722
1.165 , 0.7946726879 , 0.2053273121
1.166 , 0.7956055849 , 0.2043944151
1.167 , 0.7965310605 , 0.2034689395
1.168 , 0.7974492051 , 0.2025507949
1.169 , 0.7983601074 , 0.2016398926
1.17 , 0.7992638546 , 0.2007361454
1.171 , 0.8001605323 , 0.1998394677
1.172 , 0.801050225 , 0.198949775
1.173 , 0.8019330155 , 0.1980669845
1.174 , 0.8028089854 , 0.1971910146
1.175 , 0.8036782149 , 0.1963217851
1.176 , 0.8045407828 , 0.1954592172
1.177 , 0.8053967667 , 0.1946032333
1.178 , 0.806246243 , 0.193753757
1.179 , 0.8070892869 , 0.1929107131
1.18 , 0.8079259721 , 0.1920740279
1.181 , 0.8087563715 , 0.1912436285
1.182 , 0.8095805566 , 0.1904194434
1.183 , 0.8103985978 , 0.1896014022
1.184 , 0.8112105645 , 0.1887894355
1.185 , 0.812016525 , 0.187983475
1.186 , 0.8128165464 , 0.1871834536
1.187 , 0.8136106949 , 0.1863893051
1.188 , 0.8143990355 , 0.1856009645
1.189 , 0.8151816325 , 0.1848183675
1.19 , 0.8159585489 , 0.1840414511
1.191 , 0.816729847 , 0.183270153
1.192 , 0.8174955879 , 0.1825044121
1.193 , 0.8182558321 , 0.1817441679
1.194 , 0.8190106388 , 0.1809893612
1.195 , 0.8197600668 , 0.1802399332
1.196 , 0.8205041735 , 0.1794958265
1.197 , 0.8212430158 , 0.1787569842
1.198 , 0.8219766497 , 0.1780233503
1.199 , 0.8227051303 , 0.1772948697
1.2 , 0.8234285119 , 0.1765714881
1.201 , 0.8241468482 , 0.1758531518
1.202 , 0.8248601918 , 0.1751398082
1.203 , 0.8255685948 , 0.1744314052
1.204 , 0.8262721084 , 0.1737278916
1.205 , 0.8269707832 , 0.1730292168
1.206 , 0.8276646691 , 0.1723353309
1.207 , 0.828353815 , 0.171646185
1.208 , 0.8290382695 , 0.1709617305
1.209 , 0.8297180802 , 0.1702819198
1.21 , 0.8303932942 , 0.1696067058
1.211 , 0.831063958 , 0.168936042
1.212 , 0.8317301173 , 0.1682698827
1.213 , 0.8323918172 , 0.1676081828
1.214 , 0.8330491023 , 0.1669508977
1.215 , 0.8337020164 , 0.1662979836
1.216 , 0.8343506029 , 0.1656493971
1.217 , 0.8349949045 , 0.1650050955
1.218 , 0.8356349633 , 0.1643650367
1.219 , 0.8362708209 , 0.1637291791
1.22 , 0.8369025183 , 0.1630974817
1.221 , 0.837530096 , 0.162469904
1.222 , 0.8381535939 , 0.1618464061
1.223 , 0.8387730513 , 0.1612269487
1.224 , 0.8393885073 , 0.1606114927
1.225 , 0.84 , 0.16
1.226 , 0.8406075674 , 0.1593924326
1.227 , 0.8412112469 , 0.1587887531
1.228 , 0.8418110753 , 0.1581889247
1.229 , 0.842407089 , 0.157592911
1.23 , 0.8429993239 , 0.1570006761
1.231 , 0.8435878156 , 0.1564121844
1.232 , 0.844172599 , 0.155827401
1.233 , 0.8447537087 , 0.1552462913
1.234 , 0.8453311788 , 0.1546688212
1.235 , 0.8459050431 , 0.1540949569
1.236 , 0.8464753347 , 0.1535246653
1.237 , 0.8470420866 , 0.1529579134
1.238 , 0.8476053311 , 0.1523946689
1.239 , 0.8481651003 , 0.1518348997
1.24 , 0.8487214258 , 0.1512785742
1.241 , 0.849274339 , 0.150725661
1.242 , 0.8498238705 , 0.1501761295
1.243 , 0.850370051 , 0.149629949
1.244 , 0.8509129104 , 0.1490870896
1.245 , 0.8514524786 , 0.1485475214
1.246 , 0.8519887849 , 0.1480112151
1.247 , 0.8525218583 , 0.1474781417
1.248 , 0.8530517275 , 0.1469482725
1.249 , 0.8535784209 , 0.1464215791
1.25 , 0.8541019662 , 0.1458980338
1.251 , 0.8546223914 , 0.1453776086
1.252 , 0.8551397235 , 0.1448602765
1.253 , 0.8556539897 , 0.1443460103
1.254 , 0.8561652166 , 0.1438347834
1.255 , 0.8566734305 , 0.1433265695
1.256 , 0.8571786575 , 0.1428213425
1.257 , 0.8576809234 , 0.1423190766
1.258 , 0.8581802535 , 0.1418197465
1.259 , 0.858676673 , 0.141323327
1.26 , 0.8591702068 , 0.1408297932
1.261 , 0.8596608794 , 0.1403391206
1.262 , 0.8601487151 , 0.1398512849
1.263 , 0.8606337379 , 0.1393662621
1.264 , 0.8611159715 , 0.1388840285
1.265 , 0.8615954394 , 0.1384045606
1.266 , 0.8620721648 , 0.1379278352
1.267 , 0.8625461705 , 0.1374538295
1.268 , 0.8630174793 , 0.1369825207
1.269 , 0.8634861136 , 0.1365138864
1.27 , 0.8639520955 , 0.1360479045
1.271 , 0.8644154469 , 0.1355845531
1.272 , 0.8648761895 , 0.1351238105
1.273 , 0.8653343447 , 0.1346656553
1.274 , 0.8657899337 , 0.1342100663
1.275 , 0.8662429775 , 0.1337570225
1.276 , 0.8666934968 , 0.1333065032
1.277 , 0.867141512 , 0.132858488
1.278 , 0.8675870434 , 0.1324129566
1.279 , 0.8680301111 , 0.1319698889
1.28 , 0.868470735 , 0.131529265
1.281 , 0.8689089345 , 0.1310910655
1.282 , 0.8693447292 , 0.1306552708
1.283 , 0.8697781381 , 0.1302218619
1.284 , 0.8702091804 , 0.1297908196
1.285 , 0.8706378748 , 0.1293621252
1.286 , 0.8710642398 , 0.1289357602
1.287 , 0.8714882938 , 0.1285117062
1.288 , 0.8719100551 , 0.1280899449
1.289 , 0.8723295416 , 0.1276704584
1.29 , 0.8727467712 , 0.1272532288
1.291 , 0.8731617613 , 0.1268382387
1.292 , 0.8735745296 , 0.1264254704
1.293 , 0.8739850932 , 0.1260149068
1.294 , 0.8743934691 , 0.1256065309
1.295 , 0.8747996744 , 0.1252003256
1.296 , 0.8752037256 , 0.1247962744
1.297 , 0.8756056394 , 0.1243943606
1.298 , 0.8760054322 , 0.1239945678
1.299 , 0.87640312 , 0.12359688
1.3 , 0.876798719 , 0.123201281
1.301 , 0.877192245 , 0.122807755
1.302 , 0.8775837138 , 0.1224162862
1.303 , 0.8779731408 , 0.1220268592
1.304 , 0.8783605416 , 0.1216394584
1.305 , 0.8787459312 , 0.1212540688
1.306 , 0.8791293249 , 0.1208706751
1.307 , 0.8795107375 , 0.1204892625
1.308 , 0.8798901838 , 0.1201098162
1.309 , 0.8802676785 , 0.1197323215
1.31 , 0.8806432361 , 0.1193567639
1.311 , 0.8810168708 , 0.1189831292
1.312 , 0.8813885969 , 0.1186114031
1.313 , 0.8817584285 , 0.1182415715
1.314 , 0.8821263795 , 0.1178736205
1.315 , 0.8824924636 , 0.1175075364
1.316 , 0.8828566945 , 0.1171433055
1.317 , 0.8832190858 , 0.1167809142
1.318 , 0.8835796508 , 0.1164203492
1.319 , 0.8839384027 , 0.1160615973
1.32 , 0.8842953548 , 0.1157046452
1.321 , 0.8846505199 , 0.1153494801
1.322 , 0.885003911 , 0.114996089
1.323 , 0.8853555408 , 0.1146444592
1.324 , 0.885705422 , 0.114294578
1.325 , 0.886053567 , 0.113946433
1.326 , 0.8863999882 , 0.1136000118
1.327 , 0.886744698 , 0.113255302
1.328 , 0.8870877084 , 0.1129122916
1.329 , 0.8874290314 , 0.1125709686
1.33 , 0.8877686791 , 0.1122313209
1.331 , 0.8881066633 , 0.1118933367
1.332 , 0.8884429955 , 0.1115570045
1.333 , 0.8887776874 , 0.1112223126
1.334 , 0.8891107506 , 0.1108892494
1.335 , 0.8894421963 , 0.1105578037
1.336 , 0.8897720358 , 0.1102279642
1.337 , 0.8901002803 , 0.1098997197
1.338 , 0.8904269409 , 0.1095730591
1.339 , 0.8907520284 , 0.1092479716
1.34 , 0.8910755538 , 0.1089244462
1.341 , 0.8913975279 , 0.1086024721
1.342 , 0.8917179612 , 0.1082820388
1.343 , 0.8920368644 , 0.1079631356
1.344 , 0.8923542478 , 0.1076457522
1.345 , 0.8926701219 , 0.1073298781
1.346 , 0.892984497 , 0.107015503
1.347 , 0.8932973832 , 0.1067026168
1.348 , 0.8936087906 , 0.1063912094
1.349 , 0.8939187292 , 0.1060812708
1.35 , 0.8942272089 , 0.1057727911
1.351 , 0.8945342395 , 0.1054657605
1.352 , 0.8948398308 , 0.1051601692
1.353 , 0.8951439924 , 0.1048560076
1.354 , 0.8954467338 , 0.1045532662
1.355 , 0.8957480646 , 0.1042519354
1.356 , 0.8960479942 , 0.1039520058
1.357 , 0.8963465317 , 0.1036534683
1.358 , 0.8966436865 , 0.1033563135
1.359 , 0.8969394677 , 0.1030605323
1.36 , 0.8972338844 , 0.1027661156
1.361 , 0.8975269455 , 0.1024730545
1.362 , 0.8978186599 , 0.1021813401
1.363 , 0.8981090365 , 0.1018909635
1.364 , 0.8983980841 , 0.1016019159
1.365 , 0.8986858112 , 0.1013141888
1.366 , 0.8989722265 , 0.1010277735
1.367 , 0.8992573386 , 0.1007426614
1.368 , 0.8995411558 , 0.1004588442
1.369 , 0.8998236865 , 0.1001763135
1.37 , 0.9001049392 , 0.09989506085
1.371 , 0.9003849218 , 0.09961507816
1.372 , 0.9006636428 , 0.09933635721
1.373 , 0.9009411101 , 0.09905888993
1.374 , 0.9012173317 , 0.09878266827
1.375 , 0.9014923157 , 0.09850768428
1.376 , 0.9017660699 , 0.09823393007
1.377 , 0.9020386022 , 0.09796139782
1.378 , 0.9023099202 , 0.09769007977
1.379 , 0.9025800318 , 0.09741996822
1.38 , 0.9028489444 , 0.09715105555
1.381 , 0.9031166658 , 0.0968833342
1.382 , 0.9033832033 , 0.09661679665
1.383 , 0.9036485645 , 0.09635143548
1.384 , 0.9039127567 , 0.09608724331
1.385 , 0.9041757872 , 0.09582421282
1.386 , 0.9044376632 , 0.09556233676
1.387 , 0.9046983921 , 0.09530160793
1.388 , 0.9049579808 , 0.0950420192
1.389 , 0.9052164365 , 0.09478356349
1.39 , 0.9054737662 , 0.09452623378
1.391 , 0.9057299769 , 0.09427002311
1.392 , 0.9059850754 , 0.09401492458
1.393 , 0.9062390687 , 0.09376093134
1.394 , 0.9064919634 , 0.09350803659
1.395 , 0.9067437664 , 0.0932562336
1.396 , 0.9069944843 , 0.09300551569
1.397 , 0.9072441238 , 0.09275587623
1.398 , 0.9074926914 , 0.09250730864
1.399 , 0.9077401936 , 0.0922598064
1.4 , 0.907986637 , 0.09201336305
1.401 , 0.9082320278 , 0.09176797216
1.402 , 0.9084763726 , 0.09152362736
1.403 , 0.9087196776 , 0.09128032236
1.404 , 0.9089619491 , 0.09103805087
1.405 , 0.9092031933 , 0.09079680668
1.406 , 0.9094434164 , 0.09055658363
1.407 , 0.9096826244 , 0.0903173756
1.408 , 0.9099208235 , 0.09007917652
1.409 , 0.9101580196 , 0.08984198038
1.41 , 0.9103942188 , 0.08960578119
1.411 , 0.910629427 , 0.08937057303
1.412 , 0.91086365 , 0.08913635002
1.413 , 0.9110968937 , 0.08890310632
1.414 , 0.9113291638 , 0.08867083616
1.415 , 0.9115604662 , 0.08843953378
1.416 , 0.9117908065 , 0.08820919349
1.417 , 0.9120201904 , 0.08797980962
1.418 , 0.9122486234 , 0.08775137658
1.419 , 0.9124761112 , 0.08752388879
1.42 , 0.9127026593 , 0.08729734073
1.421 , 0.9129282731 , 0.08707172692
1.422 , 0.9131529581 , 0.08684704192
1.423 , 0.9133767197 , 0.08662328033
1.424 , 0.9135995632 , 0.08640043678
1.425 , 0.913821494 , 0.08617850598
1.426 , 0.9140425174 , 0.08595748264
1.427 , 0.9142626385 , 0.08573736152
1.428 , 0.9144818626 , 0.08551813743
1.429 , 0.9147001948 , 0.08529980523
1.43 , 0.9149176402 , 0.08508235977
1.431 , 0.915134204 , 0.084865796
1.432 , 0.9153498911 , 0.08465010887
1.433 , 0.9155647066 , 0.08443529338
1.434 , 0.9157786554 , 0.08422134455
1.435 , 0.9159917425 , 0.08400825748
1.436 , 0.9162039727 , 0.08379602725
1.437 , 0.916415351 , 0.08358464903
1.438 , 0.916625882 , 0.08337411799
1.439 , 0.9168355706 , 0.08316442935
1.44 , 0.9170444216 , 0.08295557837
1.441 , 0.9172524397 , 0.08274756032
1.442 , 0.9174596295 , 0.08254037054
1.443 , 0.9176659956 , 0.08233400439
1.444 , 0.9178715428 , 0.08212845724
1.445 , 0.9180762755 , 0.08192372454
1.446 , 0.9182801983 , 0.08171980174
1.447 , 0.9184833157 , 0.08151668433
1.448 , 0.9186856322 , 0.08131436783
1.449 , 0.9188871522 , 0.08111284782
1.45 , 0.9190878801 , 0.08091211987
1.451 , 0.9192878204 , 0.0807121796
1.452 , 0.9194869773 , 0.08051302269
1.453 , 0.9196853552 , 0.0803146448
1.454 , 0.9198829583 , 0.08011704165
1.455 , 0.920079791 , 0.079920209
1.456 , 0.9202758574 , 0.07972414262
1.457 , 0.9204711617 , 0.07952883832
1.458 , 0.9206657081 , 0.07933429194
1.459 , 0.9208595006 , 0.07914049935
1.46 , 0.9210525436 , 0.07894745645
1.461 , 0.9212448408 , 0.07875515915
1.462 , 0.9214363966 , 0.07856360343
1.463 , 0.9216272147 , 0.07837278527
1.464 , 0.9218172993 , 0.07818270067
1.465 , 0.9220066543 , 0.07799334568
1.466 , 0.9221952836 , 0.07780471638
1.467 , 0.9223831912 , 0.07761680885
1.468 , 0.9225703808 , 0.07742961922
1.469 , 0.9227568563 , 0.07724314366
1.47 , 0.9229426217 , 0.07705737832
1.471 , 0.9231276806 , 0.07687231943
1.472 , 0.9233120368 , 0.07668796321
1.473 , 0.9234956941 , 0.07650430592
1.474 , 0.9236786561 , 0.07632134385
1.475 , 0.9238609267 , 0.07613907331
1.476 , 0.9240425094 , 0.07595749064
1.477 , 0.9242234078 , 0.07577659219
1.478 , 0.9244036256 , 0.07559637436
1.479 , 0.9245831664 , 0.07541683355
1.48 , 0.9247620338 , 0.07523796621
1.481 , 0.9249402312 , 0.07505976879
1.482 , 0.9251177622 , 0.07488223778
1.483 , 0.9252946303 , 0.0747053697
1.484 , 0.9254708389 , 0.07452916106
1.485 , 0.9256463916 , 0.07435360844
1.486 , 0.9258212916 , 0.07417870841
1.487 , 0.9259955424 , 0.07400445757
1.488 , 0.9261691474 , 0.07383085256
1.489 , 0.92634211 , 0.07365789003
1.49 , 0.9265144334 , 0.07348556664
1.491 , 0.9266861209 , 0.07331387909
1.492 , 0.9268571759 , 0.0731428241
1.493 , 0.9270276016 , 0.07297239842
1.494 , 0.9271974012 , 0.07280259879
1.495 , 0.927366578 , 0.07263342201
1.496 , 0.9275351351 , 0.07246486488
1.497 , 0.9277030758 , 0.07229692423
1.498 , 0.9278704031 , 0.0721295969
1.499 , 0.9280371202 , 0.07196287977
1.5 , 0.9282032303 , 0.07179676972
1.501 , 0.9283687363 , 0.07163126367
1.502 , 0.9285336415 , 0.07146635854
1.503 , 0.9286979487 , 0.07130205129
1.504 , 0.9288616611 , 0.07113833889
1.505 , 0.9290247817 , 0.07097521833
1.506 , 0.9291873134 , 0.07081268662
1.507 , 0.9293492592 , 0.07065074079
1.508 , 0.9295106221 , 0.0704893779
1.509 , 0.929671405 , 0.070328595
1.51 , 0.9298316108 , 0.07016838921
1.511 , 0.9299912424 , 0.07000875761
1.512 , 0.9301503027 , 0.06984969734
1.513 , 0.9303087945 , 0.06969120554
1.514 , 0.9304667206 , 0.06953327939
1.515 , 0.9306240839 , 0.06937591605
1.516 , 0.9307808873 , 0.06921911274
1.517 , 0.9309371333 , 0.06906286667
1.518 , 0.9310928249 , 0.06890717508
1.519 , 0.9312479648 , 0.06875203523
1.52 , 0.9314025556 , 0.06859744438
1.521 , 0.9315566002 , 0.06844339983
1.522 , 0.9317101011 , 0.06828989889
1.523 , 0.9318630611 , 0.06813693888
1.524 , 0.9320154829 , 0.06798451715
1.525 , 0.932167369 , 0.06783263105
1.526 , 0.932318722 , 0.06768127796
1.527 , 0.9324695447 , 0.06753045527
1.528 , 0.9326198396 , 0.0673801604
1.529 , 0.9327696092 , 0.06723039076
1.53 , 0.9329188562 , 0.06708114381
1.531 , 0.933067583 , 0.066932417
1.532 , 0.9332157922 , 0.0667842078
1.533 , 0.9333634863 , 0.06663651371
1.534 , 0.9335106678 , 0.06648933223
1.535 , 0.9336573391 , 0.06634266088
1.536 , 0.9338035028 , 0.06619649721
1.537 , 0.9339491612 , 0.06605083876
1.538 , 0.9340943169 , 0.06590568311
1.539 , 0.9342389722 , 0.06576102783
1.54 , 0.9343831295 , 0.06561687054
1.541 , 0.9345267912 , 0.06547320883
1.542 , 0.9346699597 , 0.06533004035
1.543 , 0.9348126373 , 0.06518736273
1.544 , 0.9349548264 , 0.06504517363
1.545 , 0.9350965293 , 0.06490347073
1.546 , 0.9352377483 , 0.06476225171
1.547 , 0.9353784857 , 0.06462151427
1.548 , 0.9355187439 , 0.06448125614
1.549 , 0.935658525 , 0.06434147503
1.55 , 0.9357978313 , 0.0642021687
1.551 , 0.9359366651 , 0.0640633349
1.552 , 0.9360750286 , 0.0639249714
1.553 , 0.936212924 , 0.06378707599
1.554 , 0.9363503535 , 0.06364964646
1.555 , 0.9364873194 , 0.06351268064
1.556 , 0.9366238237 , 0.06337617634
1.557 , 0.9367598686 , 0.0632401314
1.558 , 0.9368954563 , 0.06310454367
1.559 , 0.937030589 , 0.06296941103
1.56 , 0.9371652687 , 0.06283473134
1.561 , 0.9372994975 , 0.0627005025
1.562 , 0.9374332776 , 0.06256672241
1.563 , 0.937566611 , 0.06243338899
1.564 , 0.9376994998 , 0.06230050017
1.565 , 0.9378319461 , 0.06216805389
1.566 , 0.9379639519 , 0.06203604809
1.567 , 0.9380955192 , 0.06190448076
1.568 , 0.9382266501 , 0.06177334985
1.569 , 0.9383573466 , 0.06164265338
1.57 , 0.9384876107 , 0.06151238933
1.571 , 0.9386174443 , 0.06138255572
1.572 , 0.9387468494 , 0.06125315058
1.573 , 0.938875828 , 0.06112417195
1.574 , 0.9390043821 , 0.06099561787
1.575 , 0.9391325136 , 0.06086748641
1.576 , 0.9392602244 , 0.06073977564
1.577 , 0.9393875164 , 0.06061248363
1.578 , 0.9395143915 , 0.0604856085
1.579 , 0.9396408517 , 0.06035914833
1.58 , 0.9397668987 , 0.06023310126
1.581 , 0.9398925346 , 0.06010746541
1.582 , 0.9400177611 , 0.05998223892
1.583 , 0.9401425801 , 0.05985741994
1.584 , 0.9402669934 , 0.05973300663
1.585 , 0.9403910028 , 0.05960899716
1.586 , 0.9405146103 , 0.05948538972
1.587 , 0.9406378175 , 0.05936218249
1.588 , 0.9407606263 , 0.05923937369
1.589 , 0.9408830385 , 0.05911696153
1.59 , 0.9410050558 , 0.05899494423
1.591 , 0.94112668 , 0.05887332003
1.592 , 0.9412479128 , 0.05875208718
1.593 , 0.9413687561 , 0.05863124392
1.594 , 0.9414892115 , 0.05851078852
1.595 , 0.9416092807 , 0.05839071926
1.596 , 0.9417289656 , 0.05827103443
1.597 , 0.9418482677 , 0.05815173232
1.598 , 0.9419671888 , 0.05803281123
1.599 , 0.9420857305 , 0.05791426949
1.6 , 0.9422038946 , 0.0577961054
1.601 , 0.9423216827 , 0.05767831732
1.602 , 0.9424390964 , 0.05756090358
1.603 , 0.9425561375 , 0.05744386253
1.604 , 0.9426728075 , 0.05732719254
1.605 , 0.942789108 , 0.05721089198
1.606 , 0.9429050408 , 0.05709495923
1.607 , 0.9430206073 , 0.05697939268
1.608 , 0.9431358093 , 0.05686419073
1.609 , 0.9432506482 , 0.05674935179
1.61 , 0.9433651257 , 0.05663487428
1.611 , 0.9434792434 , 0.05652075661
1.612 , 0.9435930028 , 0.05640699723
1.613 , 0.9437064054 , 0.05629359459
1.614 , 0.9438194529 , 0.05618054712
1.615 , 0.9439321467 , 0.0560678533
1.616 , 0.9440444884 , 0.0559555116
1.617 , 0.9441564795 , 0.05584352049
1.618 , 0.9442681215 , 0.05573187846
1.619 , 0.944379416 , 0.055620584
1.62 , 0.9444903644 , 0.05550963563
1.621 , 0.9446009682 , 0.05539903184
1.622 , 0.9447112288 , 0.05528877117
1.623 , 0.9448211479 , 0.05517885214
1.624 , 0.9449307267 , 0.05506927329
1.625 , 0.9450399668 , 0.05496003316
1.626 , 0.9451488697 , 0.05485113031
1.627 , 0.9452574367 , 0.0547425633
1.628 , 0.9453656693 , 0.05463433069
1.629 , 0.9454735689 , 0.05452643106
1.63 , 0.945581137 , 0.054418863
1.631 , 0.9456883749 , 0.0543116251
1.632 , 0.945795284 , 0.05420471596
1.633 , 0.9459018658 , 0.05409813419
1.634 , 0.9460081216 , 0.0539918784
1.635 , 0.9461140528 , 0.05388594722
1.636 , 0.9462196607 , 0.05378033928
1.637 , 0.9463249468 , 0.05367505321
1.638 , 0.9464299123 , 0.05357008766
1.639 , 0.9465345587 , 0.05346544128
1.64 , 0.9466388873 , 0.05336111274
1.641 , 0.9467428993 , 0.0532571007
1.642 , 0.9468465962 , 0.05315340383
1.643 , 0.9469499792 , 0.05305002082
1.644 , 0.9470530496 , 0.05294695035
1.645 , 0.9471558089 , 0.05284419113
1.646 , 0.9472582581 , 0.05274174185
1.647 , 0.9473603988 , 0.05263960123
1.648 , 0.947462232 , 0.05253776797
1.649 , 0.9475637592 , 0.05243624082
1.65 , 0.9476649815 , 0.05233501848
1.651 , 0.9477659003 , 0.05223409972
1.652 , 0.9478665167 , 0.05213348326
1.653 , 0.9479668321 , 0.05203316785
1.654 , 0.9480668477 , 0.05193315227
1.655 , 0.9481665647 , 0.05183343526
1.656 , 0.9482659844 , 0.0517340156
1.657 , 0.9483651079 , 0.05163489207
1.658 , 0.9484639365 , 0.05153606346
1.659 , 0.9485624715 , 0.05143752854
1.66 , 0.9486607139 , 0.05133928612
1.661 , 0.948758665 , 0.05124133501
1.662 , 0.948856326 , 0.051143674
1.663 , 0.9489536981 , 0.05104630193
1.664 , 0.9490507824 , 0.0509492176
1.665 , 0.9491475802 , 0.05085241984
1.666 , 0.9492440925 , 0.0507559075
1.667 , 0.9493403206 , 0.0506596794
1.668 , 0.9494362656 , 0.0505637344
1.669 , 0.9495319286 , 0.05046807135
1.67 , 0.9496273109 , 0.05037268911
1.671 , 0.9497224135 , 0.05027758654
1.672 , 0.9498172375 , 0.05018276252
1.673 , 0.9499117841 , 0.05008821591
1.674 , 0.9500060544 , 0.0499939456
1.675 , 0.9501000495 , 0.04989995048
1.676 , 0.9501937706 , 0.04980622944
1.677 , 0.9502872186 , 0.04971278138
1.678 , 0.9503803948 , 0.0496196052
1.679 , 0.9504733002 , 0.04952669983
1.68 , 0.9505659358 , 0.04943406416
1.681 , 0.9506583029 , 0.04934169713
1.682 , 0.9507504023 , 0.04924959766
1.683 , 0.9508422353 , 0.04915776469
1.684 , 0.9509338028 , 0.04906619715
1.685 , 0.951025106 , 0.04897489399
1.686 , 0.9511161458 , 0.04888385416
1.687 , 0.9512069234 , 0.0487930766
1.688 , 0.9512974397 , 0.04870256029
1.689 , 0.9513876958 , 0.04861230418
1.69 , 0.9514776927 , 0.04852230725
1.691 , 0.9515674315 , 0.04843256848
1.692 , 0.9516569132 , 0.04834308683
1.693 , 0.9517461387 , 0.04825386131
1.694 , 0.9518351091 , 0.0481648909
1.695 , 0.9519238254 , 0.0480761746
1.696 , 0.9520122886 , 0.04798771141
1.697 , 0.9521004997 , 0.04789950033
1.698 , 0.9521884596 , 0.04781154039
1.699 , 0.9522761694 , 0.04772383059
1.7 , 0.9523636301 , 0.04763636995
1.701 , 0.9524508425 , 0.04754915751
1.702 , 0.9525378077 , 0.04746219229
1.703 , 0.9526245267 , 0.04737547333
1.704 , 0.9527110003 , 0.04728899967
1.705 , 0.9527972296 , 0.04720277037
1.706 , 0.9528832155 , 0.04711678446
1.707 , 0.952968959 , 0.047031041
1.708 , 0.9530544609 , 0.04694553906
1.709 , 0.9531397223 , 0.0468602777
1.71 , 0.953224744 , 0.04677525598
1.711 , 0.953309527 , 0.04669047299
1.712 , 0.9533940722 , 0.0466059278
1.713 , 0.9534783805 , 0.04652161949
1.714 , 0.9535624528 , 0.04643754716
1.715 , 0.9536462901 , 0.04635370989
1.716 , 0.9537298932 , 0.04627010679
1.717 , 0.9538132631 , 0.04618673694
1.718 , 0.9538964005 , 0.04610359947
1.719 , 0.9539793065 , 0.04602069348
1.72 , 0.9540619819 , 0.04593801808
1.721 , 0.9541444276 , 0.04585557239
1.722 , 0.9542266445 , 0.04577335553
1.723 , 0.9543086334 , 0.04569136665
1.724 , 0.9543903951 , 0.04560960485
1.725 , 0.9544719307 , 0.04552806929
1.726 , 0.9545532409 , 0.0454467591
1.727 , 0.9546343266 , 0.04536567343
1.728 , 0.9547151886 , 0.04528481142
1.729 , 0.9547958278 , 0.04520417223
1.73 , 0.954876245 , 0.04512375501
1.731 , 0.9549564411 , 0.04504355893
1.732 , 0.9550364168 , 0.04496358315
1.733 , 0.9551161732 , 0.04488382684
1.734 , 0.9551957108 , 0.04480428918
1.735 , 0.9552750307 , 0.04472496933
1.736 , 0.9553541335 , 0.04464586649
1.737 , 0.9554330202 , 0.04456697983
1.738 , 0.9555116915 , 0.04448830855
1.739 , 0.9555901482 , 0.04440985184
1.74 , 0.9556683911 , 0.04433160889
1.741 , 0.9557464211 , 0.04425357891
1.742 , 0.9558242389 , 0.04417576111
1.743 , 0.9559018453 , 0.04409815468
1.744 , 0.9559792412 , 0.04402075884
1.745 , 0.9560564272 , 0.04394357281
1.746 , 0.9561334042 , 0.04386659581
1.747 , 0.9562101729 , 0.04378982706
1.748 , 0.9562867342 , 0.04371326579
1.749 , 0.9563630888 , 0.04363691123
1.75 , 0.9564392374 , 0.04356076261
1.751 , 0.9565151808 , 0.04348481917
1.752 , 0.9565909198 , 0.04340908016
1.753 , 0.9566664552 , 0.04333354481
1.754 , 0.9567417876 , 0.04325821238
1.755 , 0.9568169179 , 0.04318308213
1.756 , 0.9568918467 , 0.0431081533
1.757 , 0.9569665749 , 0.04303342515
1.758 , 0.957041103 , 0.04295889695
1.759 , 0.957115432 , 0.04288456797
1.76 , 0.9571895625 , 0.04281043747
1.761 , 0.9572634953 , 0.04273650473
1.762 , 0.957337231 , 0.04266276903
1.763 , 0.9574107704 , 0.04258922964
1.764 , 0.9574841141 , 0.04251588585
1.765 , 0.957557263 , 0.04244273695
1.766 , 0.9576302178 , 0.04236978223
1.767 , 0.957702979 , 0.04229702097
1.768 , 0.9577755475 , 0.04222445248
1.769 , 0.9578479239 , 0.04215207606
1.77 , 0.957920109 , 0.04207989101
1.771 , 0.9579921034 , 0.04200789663
1.772 , 0.9580639078 , 0.04193609224
1.773 , 0.9581355228 , 0.04186447715
1.774 , 0.9582069493 , 0.04179305068
1.775 , 0.9582781879 , 0.04172181215
1.776 , 0.9583492391 , 0.04165076087
1.777 , 0.9584201038 , 0.04157989617
1.778 , 0.9584907826 , 0.04150921739
1.779 , 0.9585612761 , 0.04143872386
1.78 , 0.9586315851 , 0.0413684149
1.781 , 0.9587017101 , 0.04129828986
1.782 , 0.9587716519 , 0.04122834808
1.783 , 0.9588414111 , 0.04115858891
1.784 , 0.9589109883 , 0.04108901168
1.785 , 0.9589803842 , 0.04101961575
1.786 , 0.9590495995 , 0.04095040048
1.787 , 0.9591186348 , 0.04088136522
1.788 , 0.9591874907 , 0.04081250933
1.789 , 0.9592561678 , 0.04074383216
1.79 , 0.9593246669 , 0.0406753331
1.791 , 0.9593929885 , 0.04060701149
1.792 , 0.9594611333 , 0.04053886672
1.793 , 0.9595291018 , 0.04047089816
1.794 , 0.9595968948 , 0.04040310518
1.795 , 0.9596645128 , 0.04033548717
1.796 , 0.9597319565 , 0.0402680435
1.797 , 0.9597992264 , 0.04020077356
1.798 , 0.9598663233 , 0.04013367673
1.799 , 0.9599332476 , 0.04006675242
1.8 , 0.96 , 0.04
1.801 , 0.9600665811 , 0.03993341888
1.802 , 0.9601329915 , 0.03986700846
1.803 , 0.9601992319 , 0.03980076813
1.804 , 0.9602653027 , 0.0397346973
1.805 , 0.9603312046 , 0.03966879538
1.806 , 0.9603969382 , 0.03960306178
1.807 , 0.9604625041 , 0.0395374959
1.808 , 0.9605279028 , 0.03947209717
1.809 , 0.960593135 , 0.03940686499
1.81 , 0.9606582012 , 0.0393417988
1.811 , 0.960723102 , 0.03927689801
1.812 , 0.960787838 , 0.03921216204
1.813 , 0.9608524097 , 0.03914759033
1.814 , 0.9609168177 , 0.0390831823
1.815 , 0.9609810626 , 0.03901893739
1.816 , 0.961045145 , 0.03895485504
1.817 , 0.9611090653 , 0.03889093467
1.818 , 0.9611728243 , 0.03882717573
1.819 , 0.9612364223 , 0.03876357767
1.82 , 0.9612998601 , 0.03870013992
1.821 , 0.9613631381 , 0.03863686193
1.822 , 0.9614262568 , 0.03857374316
1.823 , 0.9614892169 , 0.03851078306
1.824 , 0.9615520189 , 0.03844798108
1.825 , 0.9616146633 , 0.03838533668
1.826 , 0.9616771507 , 0.03832284932
1.827 , 0.9617394815 , 0.03826051846
1.828 , 0.9618016564 , 0.03819834356
1.829 , 0.9618636759 , 0.0381363241
1.83 , 0.9619255405 , 0.03807445953
1.831 , 0.9619872507 , 0.03801274934
1.832 , 0.962048807 , 0.03795119299
1.833 , 0.96211021 , 0.03788978997
1.834 , 0.9621714603 , 0.03782853974
1.835 , 0.9622325582 , 0.0377674418
1.836 , 0.9622935044 , 0.03770649561
1.837 , 0.9623542993 , 0.03764570067
1.838 , 0.9624149435 , 0.03758505647
1.839 , 0.9624754375 , 0.03752456249
1.84 , 0.9625357818 , 0.03746421823
1.841 , 0.9625959768 , 0.03740402318
1.842 , 0.9626560232 , 0.03734397683
1.843 , 0.9627159213 , 0.03728407869
1.844 , 0.9627756717 , 0.03722432825
1.845 , 0.962835275 , 0.03716472502
1.846 , 0.9628947315 , 0.0371052685
1.847 , 0.9629540418 , 0.0370459582
1.848 , 0.9630132064 , 0.03698679362
1.849 , 0.9630722257 , 0.03692777428
1.85 , 0.9631311003 , 0.0368688997
1.851 , 0.9631898306 , 0.03681016938
1.852 , 0.9632484172 , 0.03675158284
1.853 , 0.9633068604 , 0.03669313961
1.854 , 0.9633651608 , 0.0366348392
1.855 , 0.9634233189 , 0.03657668114
1.856 , 0.963481335 , 0.03651866496
1.857 , 0.9635392098 , 0.03646079017
1.858 , 0.9635969437 , 0.03640305632
1.859 , 0.9636545371 , 0.03634546292
1.86 , 0.9637119905 , 0.03628800953
1.861 , 0.9637693043 , 0.03623069566
1.862 , 0.9638264791 , 0.03617352086
1.863 , 0.9638835153 , 0.03611648467
1.864 , 0.9639404134 , 0.03605958663
1.865 , 0.9639971737 , 0.03600282628
1.866 , 0.9640537968 , 0.03594620318
1.867 , 0.9641102831 , 0.03588971685
1.868 , 0.9641666331 , 0.03583336686
1.869 , 0.9642228472 , 0.03577715276
1.87 , 0.9642789259 , 0.03572107409
1.871 , 0.9643348696 , 0.03566513041
1.872 , 0.9643906787 , 0.03560932129
1.873 , 0.9644463537 , 0.03555364627
1.874 , 0.9645018951 , 0.03549810492
1.875 , 0.9645573032 , 0.03544269681
1.876 , 0.9646125785 , 0.03538742148
1.877 , 0.9646677215 , 0.03533227852
1.878 , 0.9647227325 , 0.03527726748
1.879 , 0.9647776121 , 0.03522238794
1.88 , 0.9648323605 , 0.03516763947
1.881 , 0.9648869784 , 0.03511302165
1.882 , 0.964941466 , 0.03505853403
1.883 , 0.9649958238 , 0.03500417621
1.884 , 0.9650500522 , 0.03494994777
1.885 , 0.9651041517 , 0.03489584827
1.886 , 0.9651581227 , 0.03484187731
1.887 , 0.9652119655 , 0.03478803446
1.888 , 0.9652656807 , 0.03473431932
1.889 , 0.9653192685 , 0.03468073146
1.89 , 0.9653727295 , 0.03462727048
1.891 , 0.965426064 , 0.03457393597
1.892 , 0.9654792725 , 0.03452072753
1.893 , 0.9655323553 , 0.03446764473
1.894 , 0.9655853128 , 0.03441468718
1.895 , 0.9656381455 , 0.03436185449
1.896 , 0.9656908538 , 0.03430914623
1.897 , 0.965743438 , 0.03425656202
1.898 , 0.9657958985 , 0.03420410146
1.899 , 0.9658482358 , 0.03415176416
1.9 , 0.9659004503 , 0.0340995497
1.901 , 0.9659525423 , 0.03404745771
1.902 , 0.9660045122 , 0.0339954878
1.903 , 0.9660563604 , 0.03394363956
1.904 , 0.9661080874 , 0.03389191262
1.905 , 0.9661596934 , 0.03384030659
1.906 , 0.9662111789 , 0.03378882108
1.907 , 0.9662625443 , 0.03373745571
1.908 , 0.9663137899 , 0.03368621009
1.909 , 0.9663649161 , 0.03363508386
1.91 , 0.9664159234 , 0.03358407661
1.911 , 0.966466812 , 0.03353318799
1.912 , 0.9665175824 , 0.03348241761
1.913 , 0.9665682349 , 0.0334317651
1.914 , 0.9666187699 , 0.03338123009
1.915 , 0.9666691878 , 0.0333308122
1.916 , 0.9667194889 , 0.03328051107
1.917 , 0.9667696737 , 0.03323032633
1.918 , 0.9668197424 , 0.03318025761
1.919 , 0.9668696955 , 0.03313030454
1.92 , 0.9669195332 , 0.03308046676
1.921 , 0.9669692561 , 0.03303074391
1.922 , 0.9670188644 , 0.03298113563
1.923 , 0.9670683584 , 0.03293164156
1.924 , 0.9671177387 , 0.03288226134
1.925 , 0.9671670054 , 0.03283299461
1.926 , 0.967216159 , 0.03278384101
1.927 , 0.9672651998 , 0.03273480021
1.928 , 0.9673141282 , 0.03268587183
1.929 , 0.9673629445 , 0.03263705554
1.93 , 0.967411649 , 0.03258835098
1.931 , 0.9674602422 , 0.0325397578
1.932 , 0.9675087243 , 0.03249127565
1.933 , 0.9675570958 , 0.0324429042
1.934 , 0.9676053569 , 0.03239464309
1.935 , 0.967653508 , 0.03234649199
1.936 , 0.9677015494 , 0.03229845055
1.937 , 0.9677494816 , 0.03225051843
1.938 , 0.9677973047 , 0.0322026953
1.939 , 0.9678450192 , 0.03215498081
1.94 , 0.9678926254 , 0.03210737464
1.941 , 0.9679401236 , 0.03205987644
1.942 , 0.9679875141 , 0.03201248588
1.943 , 0.9680347974 , 0.03196520263
1.944 , 0.9680819736 , 0.03191802636
1.945 , 0.9681290433 , 0.03187095675
1.946 , 0.9681760065 , 0.03182399345
1.947 , 0.9682228638 , 0.03177713615
1.948 , 0.9682696155 , 0.03173038452
1.949 , 0.9683162618 , 0.03168373824
1.95 , 0.968362803 , 0.03163719697
1.951 , 0.9684092396 , 0.03159076041
1.952 , 0.9684555718 , 0.03154442823
1.953 , 0.9685017999 , 0.03149820011
1.954 , 0.9685479243 , 0.03145207573
1.955 , 0.9685939452 , 0.03140605478
1.956 , 0.9686398631 , 0.03136013694
1.957 , 0.9686856781 , 0.03131432189
1.958 , 0.9687313907 , 0.03126860933
1.959 , 0.9687770011 , 0.03122299893
1.96 , 0.9688225096 , 0.0311774904
1.961 , 0.9688679166 , 0.03113208342
1.962 , 0.9689132223 , 0.03108677769
1.963 , 0.9689584271 , 0.03104157288
1.964 , 0.9690035313 , 0.03099646871
1.965 , 0.9690485351 , 0.03095146487
1.966 , 0.969093439 , 0.03090656104
1.967 , 0.9691382431 , 0.03086175693
1.968 , 0.9691829478 , 0.03081705225
1.969 , 0.9692275533 , 0.03077244668
1.97 , 0.9692720601 , 0.03072793992
1.971 , 0.9693164683 , 0.0306835317
1.972 , 0.9693607783 , 0.03063922169
1.973 , 0.9694049904 , 0.03059500961
1.974 , 0.9694491048 , 0.03055089517
1.975 , 0.9694931219 , 0.03050687807
1.976 , 0.969537042 , 0.03046295802
1.977 , 0.9695808653 , 0.03041913473
1.978 , 0.9696245921 , 0.03037540791
1.979 , 0.9696682227 , 0.03033177727
1.98 , 0.9697117575 , 0.03028824252
1.981 , 0.9697551966 , 0.03024480338
1.982 , 0.9697985404 , 0.03020145955
1.983 , 0.9698417892 , 0.03015821077
1.984 , 0.9698849433 , 0.03011505673
1.985 , 0.9699280028 , 0.03007199717
1.986 , 0.9699709682 , 0.0300290318
1.987 , 0.9700138397 , 0.02998616033
1.988 , 0.9700566175 , 0.0299433825
1.989 , 0.970099302 , 0.02990069802
1.99 , 0.9701418934 , 0.02985810661
1.991 , 0.970184392 , 0.029815608
1.992 , 0.9702267981 , 0.02977320192
1.993 , 0.9702691119 , 0.02973088809
1.994 , 0.9703113338 , 0.02968866624
1.995 , 0.9703534639 , 0.02964653609
1.996 , 0.9703955026 , 0.02960449738
1.997 , 0.9704374502 , 0.02956254984
1.998 , 0.9704793068 , 0.02952069319
1.999 , 0.9705210728 , 0.02947892718
2 , 0.9705627485 , 0.02943725152
